1.285000000000000000e+02 -3.011353627283758563e-02 1.639469863104051723e-03
3.270000000000000000e+02 -2.764940237082665758e-02 1.824215002204986101e-03
5.255000000000000000e+02 -2.454420200001611665e-02 2.952619274362309858e-03
7.240000000000000000e+02 -2.139274612465584535e-02 3.783617034149724685e-03
9.225000000000000000e+02 -1.793817871688315954e-02 4.877742932801099399e-03
1.121000000000000000e+03 -2.114769461742054338e-02 3.795384620065660013e-03
1.319500000000000000e+03 -2.736351496521163829e-02 5.101432034676544984e-03
1.518000000000000000e+03 -2.610904833390186724e-02 4.250693963116647031e-03
1.716500000000000000e+03 -2.897818028574332752e-02 9.227739798308636637e-03
1.915000000000000000e+03 -2.484424772627226788e-02 1.167104574206472185e-02
2.113500000000000000e+03 -1.195234090629210960e-02 1.229566038569581896e-02
2.312000000000000000e+03 -1.984405936009704316e-02 1.396088259970594027e-02
2.510500000000000000e+03 -1.717747362111553613e-02 1.431483180477670022e-02
2.709000000000000000e+03 -6.611777803841387656e-03 1.249231755907647713e-02
2.907500000000000000e+03 -1.609545494644728722e-02 1.632108583951265637e-02
3.106000000000000000e+03 -3.094931037055772063e-02 1.949852979110592785e-02
3.304500000000000000e+03 -6.975148802449181347e-03 3.517680598854817237e-02
3.503000000000000000e+03 9.483563350534341546e-03 3.423040841363277076e-02
3.701500000000000000e+03 -4.573143190599666258e-02 3.339652627955417424e-02
3.900000000000000000e+03 -1.494879241331583015e-02 5.519517850086452099e-02
