1.035000000000000000e+02 -8.514890802067544978e-03 2.178517060866282974e-03
2.520000000000000000e+02 -9.497219228298055260e-03 1.775012630112160223e-03
4.005000000000000000e+02 -2.410319631068118945e-03 3.084398003725036252e-03
5.490000000000000000e+02 -8.166953760769956813e-03 2.265933223990252050e-03
6.975000000000000000e+02 -1.348815174238784942e-02 7.063347147844848545e-03
8.460000000000000000e+02 -1.721455280677647998e-02 7.950813175116774531e-03
9.945000000000000000e+02 5.504727417161894414e-05 8.446468629974909423e-03
1.143000000000000000e+03 -6.733250569639974599e-03 1.163645729777204943e-02
1.291500000000000000e+03 -3.532147654073355264e-02 1.309058217747291822e-02
1.440000000000000000e+03 -2.515530547714450033e-02 1.491137015769307753e-02
1.588500000000000000e+03 -2.751800540025922323e-02 2.296848291192071095e-02
1.737000000000000000e+03 -3.592284953847515311e-02 1.659953942661596127e-02
1.885500000000000000e+03 8.113138784351249522e-03 2.511938120787222603e-02
2.034000000000000000e+03 3.398722544327594354e-04 2.596361987599866625e-02
2.182500000000000000e+03 1.906598699710888162e-02 4.252234790500460104e-02
2.331000000000000000e+03 7.846800924819173628e-03 1.673827170819033178e-02
2.479500000000000000e+03 -1.023469841026679490e-02 9.544218688714192766e-02
2.628000000000000000e+03 4.416573937664820815e-02 7.304264728504690496e-02
2.776500000000000000e+03 -1.054932159443610351e-01 8.988695293439943890e-02
2.925000000000000000e+03 7.104708968313939998e-02 1.192715413445588069e-01
