1.035000000000000000e+02 2.910872087195658683e-04 1.957328036711291925e-03
2.520000000000000000e+02 -7.207112531494346691e-03 2.889535842435258205e-03
4.005000000000000000e+02 -7.632025638042175264e-03 3.769524684937234325e-03
5.490000000000000000e+02 -1.654262891950968907e-03 4.424870310565444040e-03
6.975000000000000000e+02 -6.677328448416307294e-03 1.471297082806274394e-02
8.460000000000000000e+02 -2.285807138959661949e-02 1.059376269647647160e-02
9.945000000000000000e+02 -5.017071243000743343e-03 1.629803854805359289e-02
1.143000000000000000e+03 -2.713432901520121746e-02 1.720129126063447977e-02
1.291500000000000000e+03 -2.699241561891563973e-02 1.999480246149436952e-02
1.440000000000000000e+03 -6.499825321135076217e-02 2.570925601093223753e-02
1.588500000000000000e+03 -3.944583834743399520e-02 4.524540037576554874e-02
1.737000000000000000e+03 -4.720026340631574419e-02 4.736597840941893234e-02
1.885500000000000000e+03 -5.017212341867059722e-02 6.204046946879905600e-02
2.034000000000000000e+03 5.475958763314478853e-03 8.301159950354909667e-02
2.182500000000000000e+03 -5.894124452386218654e-02 1.445760858034468022e-01
2.331000000000000000e+03 9.893351222232907305e-02 8.923488966925149923e-02
2.479500000000000000e+03 8.437951287921358068e-02 9.253107799376414366e-02
2.628000000000000000e+03 -1.525946306216300133e-02 1.505602433417975727e-01
2.776500000000000000e+03 -6.186602385852526531e-01 2.411600623488238671e-01
2.925000000000000000e+03 1.620955477172852932e-01 3.160501062136658601e-01
