1.285000000000000000e+02 -1.881560061528708000e-02 1.438684964920037938e-03
3.270000000000000000e+02 -1.818440501777670096e-02 1.097479821803338217e-03
5.255000000000000000e+02 -1.847827910782559591e-02 1.980730048687330633e-03
7.240000000000000000e+02 -1.674581044727694798e-02 2.749467009423068459e-03
9.225000000000000000e+02 -1.865020830080536124e-02 4.116771962213099968e-03
1.121000000000000000e+03 -2.065919358505704378e-02 5.121514261502085365e-03
1.319500000000000000e+03 -2.729901761000582891e-02 5.947054116756922068e-03
1.518000000000000000e+03 -2.086198795054830524e-02 3.122392242644662919e-03
1.716500000000000000e+03 -2.487686545454822346e-02 6.993884588250664884e-03
1.915000000000000000e+03 -1.839561302205217422e-02 1.077884026840824488e-02
2.113500000000000000e+03 -4.370459861734285641e-03 1.195409748719704866e-02
2.312000000000000000e+03 -6.451229094024592096e-03 1.567888393508537134e-02
2.510500000000000000e+03 -1.613199223862141901e-02 1.543872539974807008e-02
2.709000000000000000e+03 -8.978129886357728157e-03 1.347308241136761092e-02
2.907500000000000000e+03 -4.569507221301154047e-03 1.369188611876321314e-02
3.106000000000000000e+03 -1.783121434164245192e-02 1.748265650313187911e-02
3.304500000000000000e+03 2.537347221698267076e-03 3.532235111701396285e-02
3.503000000000000000e+03 -2.962448054678229817e-02 3.408859278336980048e-02
3.701500000000000000e+03 -1.675382632219504786e-02 3.250263626838604397e-02
3.900000000000000000e+03 -2.564218220406069490e-02 5.619099346381388471e-02
