1.035000000000000000e+02 -7.681574191818794396e-03 1.968105844626210060e-03
2.520000000000000000e+02 -9.384216669751947390e-03 1.743297264214786974e-03
4.005000000000000000e+02 -3.046647313685160730e-03 2.876774347819514854e-03
5.490000000000000000e+02 -7.976214653952885467e-03 2.145044630440700543e-03
6.975000000000000000e+02 -1.334633762945505557e-02 6.999521942870182839e-03
8.460000000000000000e+02 -1.549958288697973578e-02 7.665603703920786244e-03
9.945000000000000000e+02 8.504812713713102339e-04 7.698376067734831463e-03
1.143000000000000000e+03 -6.880710592869332572e-03 1.080577885286800044e-02
1.291500000000000000e+03 -3.402319382733488135e-02 1.244194688663328129e-02
1.440000000000000000e+03 -2.489384373701905226e-02 1.390056560064477365e-02
1.588500000000000000e+03 -2.834972005683305402e-02 2.189095642973802949e-02
1.737000000000000000e+03 -3.776447159301123818e-02 1.633410864081593500e-02
1.885500000000000000e+03 9.381663802739022978e-03 2.351341253848013638e-02
2.034000000000000000e+03 4.405787270361610254e-03 2.469191692730293014e-02
2.182500000000000000e+03 1.625484999773785938e-02 4.088481630232537051e-02
2.331000000000000000e+03 6.586180566967960066e-03 1.537555820446553229e-02
2.479500000000000000e+03 -1.486772367765642165e-02 8.967047788288456944e-02
2.628000000000000000e+03 2.959207352345349581e-02 7.178152876644229574e-02
2.776500000000000000e+03 -9.248231728261446793e-02 9.043333132624678528e-02
2.925000000000000000e+03 7.747134600587135544e-02 1.194722491400664055e-01
