1.285000000000000000e+02 -1.739705817648870946e-03 2.081181158914557384e-03
3.270000000000000000e+02 -4.108243439890225945e-03 4.144825308792271686e-03
5.255000000000000000e+02 -5.696643652334379589e-03 4.581752268821504687e-03
7.240000000000000000e+02 -1.267047428800953043e-02 1.127493923668791698e-02
9.225000000000000000e+02 -1.105213005659222772e-02 1.157667089475607376e-02
1.121000000000000000e+03 -2.011310849665106162e-02 1.668489870856842625e-02
1.319500000000000000e+03 -4.461070512746689865e-02 1.192566155202849296e-02
1.518000000000000000e+03 -3.580953527985121509e-02 3.400512270318323260e-02
1.716500000000000000e+03 -5.276615987510450967e-02 4.711648520754942171e-02
1.915000000000000000e+03 -4.659737650399067843e-02 4.878836944137745352e-02
2.113500000000000000e+03 -3.042377621382015215e-02 8.895909580352487356e-02
2.312000000000000000e+03 5.278924324474262159e-02 1.073836820958359445e-01
2.510500000000000000e+03 5.381659874221361717e-02 6.774051194802806208e-02
2.709000000000000000e+03 -1.939752324257447980e-01 1.833847511567936184e-01
2.907500000000000000e+03 -3.163830792260512864e-02 2.624284263526804883e-01
3.106000000000000000e+03 -2.319100513591025592e-01 2.771593610627962057e-01
3.304500000000000000e+03 -4.500569411426682542e-01 3.343498164752481405e-01
3.503000000000000000e+03 -7.018936358345323479e-01 2.870641281624597418e-01
3.701500000000000000e+03 -4.042421139254627205e-01 2.710977428280166301e-01
3.900000000000000000e+03 -3.693859881120222788e-01 4.669799750297354279e-01
